timestamp	milliseconds	requestsNumber	Failures	All_ms	min_ms	max_ms	avg_ms
2018-12-04T11:12:12.551+0200	1543914732551	5	0.0	2028	1941	2027	1968.8
2018-12-04T11:12:14.588+0200	1543914734588	5	0.0	1901	1396	1900	1658.4
2018-12-04T11:12:16.490+0200	1543914736490	5	0.0	1796	1605	1793	1729.6
2018-12-04T11:12:18.287+0200	1543914738287	5	0.0	1811	1442	1810	1702.8
2018-12-04T11:12:20.099+0200	1543914740099	5	0.0	3162	2632	3161	2930.6
2018-12-04T11:12:23.267+0200	1543914743267	5	0.0	1913	1735	1904	1840.8
2018-12-04T11:12:25.181+0200	1543914745181	5	0.0	1609	1071	1609	1380.0
2018-12-04T11:12:26.791+0200	1543914746791	5	0.0	1714	1448	1712	1626.6
2018-12-04T11:12:28.506+0200	1543914748506	5	0.0	1673	1498	1672	1624.6
2018-12-04T11:12:30.180+0200	1543914750180	5	0.0	1951	1915	1950	1930.4
2018-12-04T11:13:32.132+0200	1543914812132	10	0.0	2822	2541	2821	2731.0
2018-12-04T11:13:34.954+0200	1543914814954	10	0.0	2349	1619	2346	2054.9
2018-12-04T11:13:37.304+0200	1543914817304	10	0.0	2658	1975	2658	2346.5
2018-12-04T11:13:39.962+0200	1543914819962	10	0.0	2841	1984	2838	2495.7
2018-12-04T11:13:42.804+0200	1543914822804	10	0.0	2875	2158	2875	2487.7
2018-12-04T11:13:45.679+0200	1543914825679	10	0.0	1740	1558	1738	1638.9
2018-12-04T11:13:47.420+0200	1543914827420	10	0.0	2357	1425	2356	2077.6
2018-12-04T11:13:49.778+0200	1543914829778	10	0.0	2271	1584	2271	1987.3
2018-12-04T11:13:52.050+0200	1543914832050	10	0.0	1845	1394	1845	1619.7
2018-12-04T11:13:53.896+0200	1543914833896	10	0.0	2368	1852	2368	2158.4
2018-12-04T11:14:56.266+0200	1543914896266	15	0.0	3291	2879	3290	3090.6
2018-12-04T11:14:59.557+0200	1543914899557	15	0.0	2860	924	2857	2212.6
2018-12-04T11:15:02.417+0200	1543914902417	15	0.0	2750	1522	2749	2059.866666666667
2018-12-04T11:15:05.168+0200	1543914905168	15	0.0	2980	1826	2976	2398.2
2018-12-04T11:15:08.149+0200	1543914908149	15	0.0	3106	1796	3105	2461.866666666667
2018-12-04T11:15:11.256+0200	1543914911256	15	0.0	2738	1616	2735	2171.133333333333
2018-12-04T11:15:13.995+0200	1543914913995	15	0.0	2720	1480	2718	2096.733333333333
2018-12-04T11:15:16.716+0200	1543914916716	15	0.0	4387	2867	4386	3754.0
2018-12-04T11:15:21.104+0200	1543914921104	15	0.0	3032	2284	3029	2756.266666666667
2018-12-04T11:15:24.137+0200	1543914924137	15	0.0	2995	1563	2992	2318.6666666666665
2018-12-04T11:16:27.133+0200	1543914987133	20	0.0	3554	2759	3553	3265.1
2018-12-04T11:16:30.688+0200	1543914990688	20	0.0	4017	2011	4016	3178.55
2018-12-04T11:16:34.706+0200	1543914994706	20	0.0	3507	1564	3502	2766.5
2018-12-04T11:16:38.215+0200	1543914998215	20	0.0	3419	1858	3416	2785.65
2018-12-04T11:16:41.635+0200	1543915001635	20	0.0	5119	2571	5116	4167.05
2018-12-04T11:16:46.755+0200	1543915006755	20	0.0	4966	2300	4964	4042.15
2018-12-04T11:16:51.722+0200	1543915011722	20	0.0	4319	2482	4315	3479.3
2018-12-04T11:16:56.042+0200	1543915016042	20	0.0	3647	1898	3644	2903.95
2018-12-04T11:16:59.690+0200	1543915019690	20	0.0	3364	1829	3362	2619.4
2018-12-04T11:17:03.055+0200	1543915023055	20	0.0	3767	2027	3763	2882.75
2018-12-04T11:18:06.824+0200	1543915086824	25	0.0	31760	3183	31760	5230.04
2018-12-04T11:18:38.585+0200	1543915118585	25	0.0	4621	2532	4616	3659.32
2018-12-04T11:18:43.206+0200	1543915123206	25	0.0	32505	2081	32503	5007.48
2018-12-04T11:19:15.712+0200	1543915155712	25	0.0	4351	2265	4346	3471.76
2018-12-04T11:19:20.064+0200	1543915160064	25	0.0	15778	2411	15777	4566.52
2018-12-04T11:19:35.842+0200	1543915175842	25	0.0	3921	1904	3917	2937.12
2018-12-04T11:19:39.764+0200	1543915179764	25	0.0	15766	1966	15763	3571.92
2018-12-04T11:19:55.531+0200	1543915195531	25	0.0	15693	1736	15688	3403.0
2018-12-04T11:20:11.224+0200	1543915211224	25	0.0	32385	2431	32382	4630.64
2018-12-04T11:20:43.609+0200	1543915243609	25	0.0	3693	2130	3691	3039.4
2018-12-04T11:21:47.303+0200	1543915307303	30	0.0	31899	2540	31898	4739.366666666667
2018-12-04T11:22:19.203+0200	1543915339203	30	0.0	32358	2742	32358	6013.4
2018-12-04T11:22:51.562+0200	1543915371562	30	0.0	5705	3443	5702	4636.066666666667
2018-12-04T11:22:57.267+0200	1543915377267	30	0.0	4897	2354	4893	4002.3
2018-12-04T11:23:02.164+0200	1543915382164	30	0.0	5016	2566	5013	3953.7
2018-12-04T11:23:07.180+0200	1543915387180	30	0.0	31865	2452	31860	4880.266666666666
2018-12-04T11:23:39.046+0200	1543915419046	30	0.0	4465	1982	4462	3629.2
2018-12-04T11:23:43.511+0200	1543915423511	30	0.0	5124	2375	5120	3876.8
2018-12-04T11:23:48.636+0200	1543915428636	30	0.0	4985	2381	4977	3859.5
2018-12-04T11:23:53.622+0200	1543915433622	30	3.3333333333333335	4434	2421	4430	3541.8275862068967
2018-12-04T11:24:58.058+0200	1543915498058	35	0.0	5947	3836	5941	4853.542857142857
2018-12-04T11:25:04.006+0200	1543915504006	35	0.0	5594	2731	5592	4443.8
2018-12-04T11:25:09.601+0200	1543915509601	35	0.0	6423	3293	6418	5130.171428571429
2018-12-04T11:25:16.024+0200	1543915516024	35	0.0	5691	3218	5686	4537.771428571428
2018-12-04T11:25:21.716+0200	1543915521716	35	0.0	7122	3324	7117	5858.057142857143
2018-12-04T11:25:28.839+0200	1543915528839	35	0.0	5525	2696	5521	4188.542857142857
2018-12-04T11:25:34.368+0200	1543915534368	35	0.0	5814	405	5812	4483.914285714286
2018-12-04T11:25:40.183+0200	1543915540183	35	0.0	5645	3369	5644	4603.942857142857
2018-12-04T11:25:45.828+0200	1543915545828	35	0.0	5693	2760	5686	4584.142857142857
2018-12-04T11:25:51.521+0200	1543915551521	35	0.0	6012	3080	6008	4726.4
2018-12-04T11:26:57.534+0200	1543915617534	40	0.0	6272	3694	6265	5101.8
2018-12-04T11:27:03.806+0200	1543915623806	40	0.0	6926	3914	6922	5644.225
2018-12-04T11:27:10.733+0200	1543915630733	40	0.0	8376	4533	8369	6830.025
2018-12-04T11:27:19.110+0200	1543915639110	40	0.0	7006	4391	7002	5769.525
2018-12-04T11:27:26.117+0200	1543915646117	40	0.0	6562	3258	6558	5162.125
2018-12-04T11:27:32.680+0200	1543915652680	40	0.0	6390	3280	6383	5132.775
2018-12-04T11:27:39.071+0200	1543915659071	40	0.0	6853	3568	6848	5709.175
2018-12-04T11:27:45.924+0200	1543915665924	40	0.0	6885	3123	6877	5108.05
2018-12-04T11:27:52.810+0200	1543915672810	40	0.0	7312	3811	7306	5545.9
2018-12-04T11:28:00.123+0200	1543915680123	40	0.0	15723	4750	15716	5715.8
2018-12-04T11:29:15.848+0200	1543915755848	45	0.0	8724	4805	8723	6973.022222222222
2018-12-04T11:29:24.573+0200	1543915764573	45	0.0	8027	2807	8018	6259.066666666667
2018-12-04T11:29:32.600+0200	1543915772600	45	0.0	7113	4216	7109	5892.933333333333
2018-12-04T11:29:39.714+0200	1543915779714	45	0.0	7263	3182	7256	5838.6
2018-12-04T11:29:46.978+0200	1543915786978	45	0.0	7885	4132	7879	6543.511111111111
2018-12-04T11:29:54.864+0200	1543915794864	45	0.0	7300	3624	7297	6225.711111111111
2018-12-04T11:30:02.165+0200	1543915802165	45	0.0	7331	3978	7327	5892.155555555555
2018-12-04T11:30:09.497+0200	1543915809497	45	0.0	7372	3659	7365	5926.2444444444445
2018-12-04T11:30:16.870+0200	1543915816870	45	0.0	8256	2577	8245	6627.2444444444445
2018-12-04T11:30:25.126+0200	1543915825126	45	0.0	7946	3761	7940	6011.466666666666
2018-12-04T11:31:33.073+0200	1543915893073	50	0.0	8055	5139	8053	6685.4
2018-12-04T11:31:41.129+0200	1543915901129	50	0.0	7696	855	7690	6049.16
2018-12-04T11:31:48.825+0200	1543915908825	50	0.0	8851	4615	8843	7045.34
2018-12-04T11:31:57.680+0200	1543915917680	50	0.0	8650	3994	8642	7061.04
2018-12-04T11:32:06.330+0200	1543915926330	50	0.0	8446	4520	8429	6720.14
2018-12-04T11:32:14.777+0200	1543915934777	50	0.0	32465	4358	32455	8643.66
2018-12-04T11:32:47.243+0200	1543915967243	50	0.0	10168	6150	10161	8475.0
2018-12-04T11:32:57.412+0200	1543915977412	50	0.0	9562	5077	9557	7986.72
2018-12-04T11:33:06.975+0200	1543915986975	50	0.0	8868	4296	8861	7182.8
2018-12-04T11:33:15.843+0200	1543915995843	50	0.0	10098	4269	10096	7951.56
