timestamp	milliseconds	requestsNumber	Failures	All_ms	min_ms	max_ms	avg_ms
2018-12-04T12:09:41.936+0200	1543918181936	5	0.0	1114	748	1113	982.2
2018-12-04T12:09:43.057+0200	1543918183057	5	0.0	1022	943	1021	1003.6
2018-12-04T12:09:44.080+0200	1543918184080	5	0.0	1064	857	1064	1018.8
2018-12-04T12:09:45.144+0200	1543918185144	5	0.0	845	710	844	791.8
2018-12-04T12:09:45.990+0200	1543918185990	5	0.0	902	778	901	863.4
2018-12-04T12:09:46.893+0200	1543918186893	5	0.0	1067	809	1067	1004.4
2018-12-04T12:09:47.961+0200	1543918187961	5	0.0	1446	451	1446	1072.4
2018-12-04T12:09:49.408+0200	1543918189408	5	0.0	967	812	966	846.6
2018-12-04T12:09:50.376+0200	1543918190376	5	0.0	1196	1035	1196	1162.0
2018-12-04T12:09:51.604+0200	1543918191604	5	0.0	951	807	950	866.6
2018-12-04T12:10:52.556+0200	1543918252556	10	0.0	2489	2361	2486	2430.8
2018-12-04T12:10:55.046+0200	1543918255046	10	0.0	1599	1085	1597	1397.7
2018-12-04T12:10:56.646+0200	1543918256646	10	0.0	1420	1161	1418	1288.8
2018-12-04T12:10:58.066+0200	1543918258066	10	0.0	1406	1118	1402	1250.3
2018-12-04T12:10:59.473+0200	1543918259473	10	0.0	1467	1120	1466	1303.3
2018-12-04T12:11:00.941+0200	1543918260941	10	0.0	1495	1027	1490	1290.0
2018-12-04T12:11:02.437+0200	1543918262437	10	0.0	1434	1138	1434	1280.7
2018-12-04T12:11:03.872+0200	1543918263872	10	0.0	1409	927	1406	1227.4
2018-12-04T12:11:05.282+0200	1543918265282	10	0.0	1481	1071	1480	1329.3
2018-12-04T12:11:06.764+0200	1543918266764	10	0.0	1762	980	1761	1216.6
2018-12-04T12:12:08.527+0200	1543918328527	15	0.0	2826	1703	2824	2394.133333333333
2018-12-04T12:12:11.354+0200	1543918331354	15	0.0	2516	1329	2512	1966.0666666666666
2018-12-04T12:12:13.871+0200	1543918333871	15	0.0	1910	437	1904	1514.4666666666667
2018-12-04T12:12:15.782+0200	1543918335782	15	0.0	2254	1166	2252	1769.6
2018-12-04T12:12:18.037+0200	1543918338037	15	0.0	31738	1202	31735	3639.0
2018-12-04T12:12:49.775+0200	1543918369775	15	0.0	2052	1276	2049	1683.9333333333334
2018-12-04T12:12:51.827+0200	1543918371827	15	0.0	2395	1072	2394	1852.9333333333334
2018-12-04T12:12:54.223+0200	1543918374223	15	0.0	2472	1543	2467	2050.266666666667
2018-12-04T12:12:56.696+0200	1543918376696	15	0.0	2194	1210	2194	1746.8666666666666
2018-12-04T12:12:58.891+0200	1543918378891	15	0.0	2099	1364	2097	1769.5333333333333
2018-12-04T12:14:00.992+0200	1543918440992	20	5.0	3081	2204	3077	2619.684210526316
2018-12-04T12:14:04.074+0200	1543918444074	20	0.0	2910	1646	2907	2261.2
2018-12-04T12:14:06.985+0200	1543918446985	20	0.0	2808	1376	2805	2209.1
2018-12-04T12:14:09.794+0200	1543918449794	20	0.0	2933	1559	2930	2379.35
2018-12-04T12:14:12.728+0200	1543918452728	20	0.0	2993	1521	2990	2289.85
2018-12-04T12:14:15.722+0200	1543918455722	20	0.0	3000	1535	2996	2307.15
2018-12-04T12:14:18.723+0200	1543918458723	20	0.0	2895	1638	2892	2252.55
2018-12-04T12:14:21.619+0200	1543918461619	20	0.0	2921	1742	2919	2311.25
2018-12-04T12:14:24.540+0200	1543918464540	20	0.0	3219	1597	3218	2335.4
2018-12-04T12:14:27.760+0200	1543918467760	20	0.0	3097	1533	3091	2293.6
2018-12-04T12:15:30.858+0200	1543918530858	25	0.0	4505	2608	4504	3515.44
2018-12-04T12:15:35.364+0200	1543918535364	25	0.0	4082	3049	4081	3558.6
2018-12-04T12:15:39.447+0200	1543918539447	25	0.0	3752	2175	3749	2990.76
2018-12-04T12:15:43.200+0200	1543918543200	25	0.0	7754	2314	7749	3320.2
2018-12-04T12:15:50.955+0200	1543918550955	25	0.0	3396	1811	3395	2739.88
2018-12-04T12:15:54.352+0200	1543918554352	25	0.0	3838	1751	3834	2923.48
2018-12-04T12:15:58.191+0200	1543918558191	25	0.0	3728	1996	3724	2853.76
2018-12-04T12:16:01.920+0200	1543918561920	25	0.0	3366	1976	3360	2847.68
2018-12-04T12:16:05.287+0200	1543918565287	25	0.0	3535	1832	3529	2795.28
2018-12-04T12:16:08.823+0200	1543918568823	25	0.0	3729	1816	3724	2901.36
2018-12-04T12:17:12.554+0200	1543918632554	30	0.0	4482	2928	4479	3673.266666666667
2018-12-04T12:17:17.037+0200	1543918637037	30	0.0	31822	2123	31818	5051.4
2018-12-04T12:17:48.860+0200	1543918668860	30	0.0	4625	1912	4618	3750.266666666667
2018-12-04T12:17:53.486+0200	1543918673486	30	0.0	15640	1993	15637	3843.1
2018-12-04T12:18:09.127+0200	1543918689127	30	0.0	32317	2130	32314	4167.633333333333
2018-12-04T12:18:41.444+0200	1543918721444	30	0.0	31928	2149	31925	5079.1
2018-12-04T12:19:13.373+0200	1543918753373	30	0.0	15776	2327	15772	3969.133333333333
2018-12-04T12:19:29.149+0200	1543918769149	30	0.0	4600	2294	4595	3712.1666666666665
2018-12-04T12:19:33.750+0200	1543918773750	30	0.0	4234	2263	4232	3341.0666666666666
2018-12-04T12:19:37.985+0200	1543918777985	30	0.0	6103	3795	6101	4736.066666666667
2018-12-04T12:20:44.090+0200	1543918844090	35	0.0	5200	3266	5197	4275.257142857143
2018-12-04T12:20:49.291+0200	1543918849291	35	0.0	5016	2489	5013	3881.3142857142857
2018-12-04T12:20:54.307+0200	1543918854307	35	0.0	5165	2353	5162	4038.5142857142855
2018-12-04T12:20:59.473+0200	1543918859473	35	0.0	5407	3413	5403	4481.228571428572
2018-12-04T12:21:04.881+0200	1543918864881	35	0.0	5335	2331	5331	4265.257142857143
2018-12-04T12:21:10.217+0200	1543918870217	35	0.0	5221	1883	5217	4126.742857142857
2018-12-04T12:21:15.439+0200	1543918875439	35	0.0	5526	2997	5524	4455.885714285714
2018-12-04T12:21:20.966+0200	1543918880966	35	0.0	5401	2852	5397	4415.8
2018-12-04T12:21:26.367+0200	1543918886367	35	0.0	5036	2684	5032	4018.0
2018-12-04T12:21:31.404+0200	1543918891404	35	0.0	5530	3139	5527	4385.057142857143
2018-12-04T12:22:36.936+0200	1543918956936	40	2.5	6559	3618	6558	5278.948717948718
2018-12-04T12:22:43.496+0200	1543918963496	40	0.0	6009	2576	6003	4814.1
2018-12-04T12:22:49.505+0200	1543918969505	40	0.0	15898	2545	15892	4843.675
2018-12-04T12:23:05.404+0200	1543918985404	40	0.0	5693	2659	5690	4393.6
2018-12-04T12:23:11.098+0200	1543918991098	40	0.0	6650	3008	6647	5262.525
2018-12-04T12:23:17.749+0200	1543918997749	40	0.0	5934	2677	5929	4699.775
2018-12-04T12:23:23.683+0200	1543919003683	40	0.0	7375	3440	7369	5232.7
2018-12-04T12:23:31.059+0200	1543919011059	40	0.0	16816	3730	16811	5494.975
2018-12-04T12:23:47.876+0200	1543919027876	40	0.0	6313	2523	6310	5052.5
2018-12-04T12:23:54.193+0200	1543919034193	40	0.0	6363	3013	6357	5050.975
2018-12-04T12:25:00.558+0200	1543919100558	45	0.0	7151	4812	7147	6046.9111111111115
2018-12-04T12:25:07.710+0200	1543919107710	45	0.0	6580	2628	6570	5598.066666666667
2018-12-04T12:25:14.291+0200	1543919114291	45	0.0	7070	3646	7068	5764.133333333333
2018-12-04T12:25:21.362+0200	1543919121362	45	0.0	6906	3115	6902	5579.9111111111115
2018-12-04T12:25:28.268+0200	1543919128268	45	0.0	7000	3671	6992	5755.422222222222
2018-12-04T12:25:35.269+0200	1543919135269	45	0.0	6907	3455	6904	5632.466666666666
2018-12-04T12:25:42.177+0200	1543919142177	45	0.0	32662	2829	32660	7556.044444444445
2018-12-04T12:26:14.840+0200	1543919174840	45	0.0	6460	2677	6454	5281.0888888888885
2018-12-04T12:26:21.301+0200	1543919181301	45	0.0	7207	4347	7203	6018.622222222222
2018-12-04T12:26:28.509+0200	1543919188509	45	0.0	7778	3609	7770	6329.888888888889
2018-12-04T12:27:36.288+0200	1543919256288	50	0.0	7337	4125	7332	5818.14
2018-12-04T12:27:43.626+0200	1543919263626	50	2.0	7568	3765	7562	6164.734693877551
2018-12-04T12:27:51.195+0200	1543919271195	50	0.0	8005	3007	7997	6413.6
2018-12-04T12:27:59.201+0200	1543919279201	50	0.0	7391	4157	7390	5997.42
2018-12-04T12:28:06.593+0200	1543919286593	50	0.0	8406	4380	8399	6701.5
2018-12-04T12:28:15.000+0200	1543919295000	50	0.0	8086	4413	8082	6222.86
2018-12-04T12:28:23.087+0200	1543919303087	50	0.0	8046	1611	8040	6518.82
2018-12-04T12:28:31.134+0200	1543919311134	50	0.0	8640	3756	8636	6993.7
2018-12-04T12:28:39.775+0200	1543919319775	50	0.0	31825	4416	31817	7446.6
2018-12-04T12:29:11.601+0200	1543919351601	50	0.0	7461	3875	7455	6429.78
