timestamp	milliseconds	requestsNumber	Failures	All_ms	min_ms	max_ms	avg_ms
2018-12-04T12:33:12.828+0200	1543919592828	5	0.0	1204	864	1198	1036.2
2018-12-04T12:33:14.040+0200	1543919594040	5	0.0	783	624	783	748.4
2018-12-04T12:33:14.824+0200	1543919594824	5	0.0	1188	1065	1183	1146.8
2018-12-04T12:33:16.013+0200	1543919596013	5	0.0	849	773	848	829.8
2018-12-04T12:33:16.863+0200	1543919596863	5	0.0	1153	1062	1152	1128.6
2018-12-04T12:33:18.017+0200	1543919598017	5	0.0	1044	881	1044	999.4
2018-12-04T12:33:19.061+0200	1543919599061	5	0.0	1085	327	1084	869.0
2018-12-04T12:33:20.147+0200	1543919600147	5	0.0	890	774	890	842.0
2018-12-04T12:33:21.037+0200	1543919601037	5	0.0	871	772	870	844.6
2018-12-04T12:33:21.909+0200	1543919601909	5	0.0	916	756	915	862.2
2018-12-04T12:34:22.826+0200	1543919662826	10	0.0	2169	2009	2169	2100.3
2018-12-04T12:34:24.996+0200	1543919664996	10	0.0	2087	1318	2086	1781.4
2018-12-04T12:34:27.084+0200	1543919667084	10	0.0	1520	1026	1514	1285.4
2018-12-04T12:34:28.605+0200	1543919668605	10	0.0	1306	920	1302	1122.0
2018-12-04T12:34:29.912+0200	1543919669912	10	0.0	31738	985	31735	4268.5
2018-12-04T12:35:01.651+0200	1543919701651	10	0.0	1537	1010	1533	1174.6
2018-12-04T12:35:03.189+0200	1543919703189	10	0.0	1436	893	1435	1218.0
2018-12-04T12:35:04.626+0200	1543919704626	10	0.0	2553	1816	2552	2264.4
2018-12-04T12:35:07.180+0200	1543919707180	10	0.0	1637	1344	1634	1523.0
2018-12-04T12:35:08.818+0200	1543919708818	10	0.0	1680	888	1680	1446.6
2018-12-04T12:36:10.500+0200	1543919770500	15	0.0	2265	1371	2263	2015.9333333333334
2018-12-04T12:36:12.766+0200	1543919772766	15	0.0	2009	1304	2005	1719.7333333333333
2018-12-04T12:36:14.776+0200	1543919774776	15	0.0	1991	415	1983	1633.9333333333334
2018-12-04T12:36:16.768+0200	1543919776768	15	0.0	1971	1303	1966	1699.7333333333333
2018-12-04T12:36:18.739+0200	1543919778739	15	0.0	1927	1264	1925	1637.0666666666666
2018-12-04T12:36:20.667+0200	1543919780667	15	0.0	2343	1550	2338	2021.6666666666667
2018-12-04T12:36:23.011+0200	1543919783011	15	0.0	1952	1253	1947	1657.3333333333333
2018-12-04T12:36:24.966+0200	1543919784966	15	0.0	2040	1285	2035	1750.8666666666666
2018-12-04T12:36:27.007+0200	1543919787007	15	0.0	1987	1467	1984	1671.9333333333334
2018-12-04T12:36:28.996+0200	1543919788996	15	0.0	2162	1326	2156	1781.8
2018-12-04T12:37:31.159+0200	1543919851159	20	0.0	3278	1938	3277	2877.75
2018-12-04T12:37:34.439+0200	1543919854439	20	0.0	2596	1371	2591	2167.25
2018-12-04T12:37:37.036+0200	1543919857036	20	0.0	15691	1489	15689	2829.75
2018-12-04T12:37:52.729+0200	1543919872729	20	0.0	2623	1479	2621	2253.35
2018-12-04T12:37:55.353+0200	1543919875353	20	0.0	2514	1488	2507	2088.6
2018-12-04T12:37:57.869+0200	1543919877869	20	0.0	2530	1311	2524	2078.8
2018-12-04T12:38:00.400+0200	1543919880400	20	0.0	2647	1535	2643	2176.75
2018-12-04T12:38:03.049+0200	1543919883049	20	0.0	2588	1469	2584	2149.45
2018-12-04T12:38:05.638+0200	1543919885638	20	0.0	2403	1358	2399	1999.9
2018-12-04T12:38:08.044+0200	1543919888044	20	0.0	2571	1460	2568	2149.15
2018-12-04T12:39:10.617+0200	1543919950617	25	0.0	3435	2151	3432	2923.32
2018-12-04T12:39:14.053+0200	1543919954053	25	0.0	3181	1641	3176	2583.16
2018-12-04T12:39:17.236+0200	1543919957236	25	0.0	3201	1713	3200	2673.56
2018-12-04T12:39:20.440+0200	1543919960440	25	0.0	3908	1946	3902	3250.76
2018-12-04T12:39:24.350+0200	1543919964350	25	0.0	3352	1426	3346	2624.04
2018-12-04T12:39:27.704+0200	1543919967704	25	0.0	4402	2945	4401	3769.4
2018-12-04T12:39:32.108+0200	1543919972108	25	0.0	4298	2755	4291	3711.24
2018-12-04T12:39:36.408+0200	1543919976408	25	0.0	3235	1913	3233	2664.56
2018-12-04T12:39:39.645+0200	1543919979645	25	0.0	3285	2002	3278	2744.08
2018-12-04T12:39:42.931+0200	1543919982931	25	0.0	3154	1659	3147	2603.68
2018-12-04T12:40:46.087+0200	1543920046087	30	0.0	4064	2442	4062	3413.0333333333333
2018-12-04T12:40:50.153+0200	1543920050153	30	0.0	4285	2295	4277	3443.866666666667
2018-12-04T12:40:54.439+0200	1543920054439	30	0.0	4652	2555	4650	3843.6666666666665
2018-12-04T12:40:59.092+0200	1543920059092	30	0.0	3822	1622	3819	3215.5666666666666
2018-12-04T12:41:02.914+0200	1543920062914	30	0.0	31719	2387	31714	4399.7
2018-12-04T12:41:34.636+0200	1543920094636	30	0.0	4219	2609	4214	3472.5
2018-12-04T12:41:38.857+0200	1543920098857	30	0.0	15998	2486	15994	4014.3
2018-12-04T12:41:54.857+0200	1543920114857	30	0.0	3955	2146	3949	3231.266666666667
2018-12-04T12:41:58.814+0200	1543920118814	30	0.0	4860	2532	4854	4007.766666666667
2018-12-04T12:42:03.675+0200	1543920123675	30	0.0	4619	2572	4610	3799.1
2018-12-04T12:43:08.295+0200	1543920188295	35	0.0	4770	2518	4766	3884.8285714285716
2018-12-04T12:43:13.067+0200	1543920193067	35	0.0	5586	3377	5576	4867.114285714286
2018-12-04T12:43:18.654+0200	1543920198654	35	0.0	5006	2170	5000	4124.057142857143
2018-12-04T12:43:23.662+0200	1543920203662	35	0.0	5383	2425	5377	4445.714285714285
2018-12-04T12:43:29.047+0200	1543920209047	35	0.0	5666	2552	5660	4549.114285714286
2018-12-04T12:43:34.715+0200	1543920214715	35	0.0	31738	502	31737	4784.8
2018-12-04T12:44:06.455+0200	1543920246455	35	0.0	4460	2503	4454	3583.5142857142855
2018-12-04T12:44:10.918+0200	1543920250918	35	0.0	4966	2554	4963	4070.657142857143
2018-12-04T12:44:15.886+0200	1543920255886	35	0.0	4564	2148	4553	3765.5714285714284
2018-12-04T12:44:20.451+0200	1543920260451	35	0.0	4879	2406	4873	3857.5714285714284
2018-12-04T12:45:25.332+0200	1543920325332	40	0.0	32181	3637	32178	5712.475
2018-12-04T12:45:57.516+0200	1543920357516	40	0.0	5321	2511	5317	4409.1
2018-12-04T12:46:02.838+0200	1543920362838	40	0.0	5446	2848	5442	4622.275
2018-12-04T12:46:08.286+0200	1543920368286	40	0.0	6293	3104	6286	5356.025
2018-12-04T12:46:14.581+0200	1543920374581	40	0.0	32078	2187	32069	4996.95
2018-12-04T12:46:46.660+0200	1543920406660	40	0.0	6201	3333	6193	5050.625
2018-12-04T12:46:52.861+0200	1543920412861	40	0.0	6540	4055	6536	5478.825
2018-12-04T12:46:59.404+0200	1543920419404	40	0.0	5806	2860	5800	4808.95
2018-12-04T12:47:05.213+0200	1543920425213	40	0.0	31616	1243	31614	5708.6
2018-12-04T12:47:36.830+0200	1543920456830	40	0.0	5179	1910	5173	4286.875
2018-12-04T12:48:42.010+0200	1543920522010	45	0.0	6719	4311	6717	5609.266666666666
2018-12-04T12:48:48.731+0200	1543920528731	45	0.0	7390	1069	7383	5851.511111111111
2018-12-04T12:48:56.122+0200	1543920536122	45	0.0	8722	4750	8715	7481.0
2018-12-04T12:49:04.845+0200	1543920544845	45	0.0	6840	3774	6835	5660.111111111111
2018-12-04T12:49:11.687+0200	1543920551687	45	0.0	6920	4101	6913	5672.222222222223
2018-12-04T12:49:18.609+0200	1543920558609	45	0.0	6714	3853	6701	5665.2
2018-12-04T12:49:25.324+0200	1543920565324	45	0.0	6585	1908	6583	5382.711111111111
2018-12-04T12:49:31.912+0200	1543920571912	45	0.0	7192	4337	7186	6123.622222222222
2018-12-04T12:49:39.105+0200	1543920579105	45	0.0	7176	2623	7169	5575.866666666667
2018-12-04T12:49:46.283+0200	1543920586283	45	0.0	6230	3230	6228	5131.2
2018-12-04T12:50:52.515+0200	1543920652515	50	0.0	7930	3638	7923	6343.82
2018-12-04T12:51:00.448+0200	1543920660448	50	0.0	7936	2868	7931	6497.1
2018-12-04T12:51:08.386+0200	1543920668386	50	0.0	8156	4061	8150	6771.42
2018-12-04T12:51:16.543+0200	1543920676543	50	0.0	8114	4300	8103	6730.98
2018-12-04T12:51:24.659+0200	1543920684659	50	0.0	7203	3599	7194	5950.3
2018-12-04T12:51:31.864+0200	1543920691864	50	0.0	32047	3493	32040	7125.22
2018-12-04T12:52:03.914+0200	1543920723914	50	0.0	8361	2904	8352	7106.3
2018-12-04T12:52:12.276+0200	1543920732276	50	0.0	7952	2738	7940	6713.14
2018-12-04T12:52:20.229+0200	1543920740229	50	0.0	7751	2710	7749	6115.12
2018-12-04T12:52:27.981+0200	1543920747981	50	0.0	7935	1499	7930	6264.62
