timestamp	milliseconds	requestsNumber	Failures	All_ms	min_ms	max_ms	avg_ms
2018-12-04T10:40:36.533+0200	1543912836533	5	0.0	4654	4610	4653	4630.8
2018-12-04T10:40:41.206+0200	1543912841206	5	0.0	3216	2990	3214	3081.0
2018-12-04T10:40:44.423+0200	1543912844423	5	0.0	3585	3464	3582	3537.2
2018-12-04T10:40:48.010+0200	1543912848010	5	0.0	3768	3615	3766	3689.4
2018-12-04T10:40:51.780+0200	1543912851780	5	0.0	2582	2469	2582	2547.6
2018-12-04T10:40:54.364+0200	1543912854364	5	0.0	4510	3136	4510	4159.2
2018-12-04T10:40:58.875+0200	1543912858875	5	0.0	2767	2626	2766	2708.4
2018-12-04T10:41:01.644+0200	1543912861644	5	0.0	2858	2744	2857	2812.0
2018-12-04T10:41:04.504+0200	1543912864504	5	0.0	2518	2478	2517	2494.4
2018-12-04T10:41:07.023+0200	1543912867023	5	0.0	2480	2374	2480	2450.6
2018-12-04T10:42:09.505+0200	1543912929505	10	0.0	4028	3804	4024	3915.1
2018-12-04T10:42:13.534+0200	1543912933534	10	0.0	4534	3116	4532	4120.8
2018-12-04T10:42:18.069+0200	1543912938069	10	0.0	4729	3534	4727	4413.9
2018-12-04T10:42:22.800+0200	1543912942800	10	0.0	5603	5134	5602	5431.1
2018-12-04T10:42:28.405+0200	1543912948405	10	0.0	32043	4376	32039	7321.6
2018-12-04T10:43:00.450+0200	1543912980450	10	0.0	3753	2417	3751	3464.6
2018-12-04T10:43:04.205+0200	1543912984205	10	0.0	4275	3084	4271	3863.0
2018-12-04T10:43:08.482+0200	1543912988482	10	0.0	4664	3287	4661	4174.4
2018-12-04T10:43:13.148+0200	1543912993148	10	0.0	5054	4232	5048	4749.2
2018-12-04T10:43:18.203+0200	1543912998203	10	0.0	3699	2179	3697	3177.0
2018-12-04T10:44:21.904+0200	1543913061904	15	0.0	5590	4945	5588	5399.533333333334
2018-12-04T10:44:27.495+0200	1543913067495	15	0.0	4372	2666	4370	3764.2
2018-12-04T10:44:31.869+0200	1543913071869	15	0.0	4531	2999	4528	3970.8
2018-12-04T10:44:36.401+0200	1543913076401	15	0.0	4442	2201	4436	3695.266666666667
2018-12-04T10:44:40.846+0200	1543913080846	15	0.0	4666	2887	4663	4031.8
2018-12-04T10:44:45.514+0200	1543913085514	15	0.0	3759	2254	3756	3082.266666666667
2018-12-04T10:44:49.275+0200	1543913089275	15	0.0	4377	2490	4372	3704.6
2018-12-04T10:44:53.654+0200	1543913093654	15	0.0	3697	2431	3694	3245.733333333333
2018-12-04T10:44:57.353+0200	1543913097353	15	0.0	32492	2207	32488	5024.333333333333
2018-12-04T10:45:29.847+0200	1543913129847	15	0.0	3489	1821	3487	2919.2
2018-12-04T10:46:33.338+0200	1543913193338	20	0.0	5267	2581	5266	4399.2
2018-12-04T10:46:38.606+0200	1543913198606	20	0.0	5164	3217	5153	4361.8
2018-12-04T10:46:43.771+0200	1543913203771	20	0.0	4930	2616	4924	4160.5
2018-12-04T10:46:48.702+0200	1543913208702	20	0.0	32173	2380	32172	5079.15
2018-12-04T10:47:20.877+0200	1543913240877	20	0.0	4662	2424	4658	3822.6
2018-12-04T10:47:25.541+0200	1543913245541	20	0.0	32494	2546	32491	5207.85
2018-12-04T10:47:58.037+0200	1543913278037	20	0.0	4655	2311	4651	3829.35
2018-12-04T10:48:02.694+0200	1543913282694	20	0.0	4464	2459	4459	3718.45
2018-12-04T10:48:07.159+0200	1543913287159	20	0.0	5616	2310	5612	4656.8
2018-12-04T10:48:12.777+0200	1543913292777	20	0.0	5025	3647	5021	4509.25
2018-12-04T10:49:17.804+0200	1543913357804	25	0.0	6853	4478	6846	5977.04
2018-12-04T10:49:24.659+0200	1543913364659	25	0.0	7326	3517	7319	5931.48
2018-12-04T10:49:31.986+0200	1543913371986	25	0.0	6269	3626	6262	5209.04
2018-12-04T10:49:38.258+0200	1543913378258	25	0.0	6809	3073	6807	5619.04
2018-12-04T10:49:45.069+0200	1543913385069	25	0.0	5945	2520	5939	4897.32
2018-12-04T10:49:51.015+0200	1543913391015	25	0.0	5727	3048	5722	4604.36
2018-12-04T10:49:56.744+0200	1543913396744	25	0.0	5582	2878	5571	4582.56
2018-12-04T10:50:02.329+0200	1543913402329	25	0.0	5790	2668	5784	4770.88
2018-12-04T10:50:08.120+0200	1543913408120	25	0.0	6820	2746	6813	5717.2
2018-12-04T10:50:14.942+0200	1543913414942	25	0.0	6847	3427	6844	5183.92
2018-12-04T10:51:21.791+0200	1543913481791	30	0.0	8804	5018	8803	7696.566666666667
2018-12-04T10:51:30.597+0200	1543913490597	30	0.0	5956	3120	5948	4919.1
2018-12-04T10:51:36.555+0200	1543913496555	30	0.0	7490	3630	7485	6150.133333333333
2018-12-04T10:51:44.047+0200	1543913504047	30	0.0	7235	900	7229	5665.5
2018-12-04T10:51:51.284+0200	1543913511284	30	0.0	6550	3621	6539	5379.9
2018-12-04T10:51:57.835+0200	1543913517835	30	0.0	6903	3836	6897	5564.666666666667
2018-12-04T10:52:04.740+0200	1543913524740	30	0.0	7178	3089	7174	5787.666666666667
2018-12-04T10:52:11.919+0200	1543913531919	30	0.0	6525	4116	6524	5402.9
2018-12-04T10:52:18.445+0200	1543913538445	30	0.0	32159	2122	32151	6869.766666666666
2018-12-04T10:52:50.605+0200	1543913570605	30	0.0	32355	3453	32345	7225.9
2018-12-04T10:54:22.962+0200	1543913662962	35	0.0	9929	5768	9922	8522.828571428572
2018-12-04T10:54:32.892+0200	1543913672892	35	0.0	31670	4057	31661	7566.257142857143
2018-12-04T10:55:04.565+0200	1543913704565	35	0.0	7666	3724	7657	6276.685714285714
2018-12-04T10:55:12.233+0200	1543913712233	35	0.0	6834	3789	6830	5535.314285714286
2018-12-04T10:55:19.069+0200	1543913719069	35	0.0	7165	4562	7158	6080.085714285714
2018-12-04T10:55:26.235+0200	1543913726235	35	0.0	7522	4631	7511	6292.4
2018-12-04T10:55:33.758+0200	1543913733758	35	0.0	7530	4404	7530	6247.457142857143
2018-12-04T10:55:41.289+0200	1543913741289	35	0.0	7403	4829	7398	6241.228571428572
2018-12-04T10:55:48.695+0200	1543913748695	35	0.0	6999	3853	6986	5463.171428571429
2018-12-04T10:55:55.696+0200	1543913755696	35	0.0	6411	3545	6405	5246.342857142857
2018-12-04T10:57:02.109+0200	1543913822109	40	0.0	8736	4735	8731	7313.65
2018-12-04T10:57:10.847+0200	1543913830847	40	0.0	10588	3743	10578	8307.0
2018-12-04T10:57:21.438+0200	1543913841438	40	0.0	9207	5019	9200	7758.4
2018-12-04T10:57:30.648+0200	1543913850648	40	0.0	8038	2792	8037	6544.95
2018-12-04T10:57:38.688+0200	1543913858688	40	0.0	32049	5467	32044	8004.5
2018-12-04T10:58:10.739+0200	1543913890739	40	0.0	8204	4357	8198	6668.575
2018-12-04T10:58:18.945+0200	1543913898945	40	0.0	9477	5461	9469	7517.425
2018-12-04T10:58:28.424+0200	1543913908424	40	0.0	8133	4122	8126	6775.65
2018-12-04T10:58:36.559+0200	1543913916559	40	0.0	6993	4550	6982	5811.325
2018-12-04T10:58:43.552+0200	1543913923552	40	0.0	15750	3043	15746	6693.2
2018-12-04T10:59:59.304+0200	1543913999304	45	0.0	9947	4547	9944	7836.6
2018-12-04T11:00:09.253+0200	1543914009253	45	0.0	31833	4568	31829	7402.355555555556
2018-12-04T11:00:41.088+0200	1543914041088	45	0.0	32108	3640	32103	7800.933333333333
2018-12-04T11:01:13.197+0200	1543914073197	45	0.0	15728	2966	15715	6804.333333333333
2018-12-04T11:01:28.926+0200	1543914088926	45	0.0	7490	3323	7480	5974.8
2018-12-04T11:01:36.419+0200	1543914096419	45	0.0	8517	4653	8511	7127.533333333334
2018-12-04T11:01:44.938+0200	1543914104938	45	0.0	7497	3281	7495	6086.4
2018-12-04T11:01:52.438+0200	1543914112438	45	0.0	8640	4115	8633	6815.266666666666
2018-12-04T11:02:01.083+0200	1543914121083	45	0.0	8729	4888	8724	7147.222222222223
2018-12-04T11:02:09.812+0200	1543914129812	45	0.0	7406	460	7400	5804.0888888888885
2018-12-04T11:03:17.220+0200	1543914197220	50	0.0	10536	6134	10527	8760.38
2018-12-04T11:03:27.756+0200	1543914207756	50	0.0	11002	6221	10997	9399.52
2018-12-04T11:03:38.760+0200	1543914218760	50	0.0	8747	4726	8734	7127.2
2018-12-04T11:03:47.508+0200	1543914227508	50	0.0	9172	3955	9162	7300.0
2018-12-04T11:03:56.682+0200	1543914236682	50	2.0	9340	2580	9323	7243.142857142857
2018-12-04T11:04:06.024+0200	1543914246024	50	0.0	9391	5265	9384	7494.66
2018-12-04T11:04:15.418+0200	1543914255418	50	0.0	10685	6424	10675	9415.94
2018-12-04T11:04:26.105+0200	1543914266105	50	0.0	11147	3044	11139	9497.9
2018-12-04T11:04:37.253+0200	1543914277253	50	0.0	10963	5175	10955	9180.3
2018-12-04T11:04:48.217+0200	1543914288217	50	0.0	10411	6886	10401	8444.3
